123456789123456789123456789123456789
123456789123456789123456789123456789
123456789123456789123456789123456789
123456789123456789123456789123456789
123456789123456789123456789123456789
123456789123456789123456789123456789
123456789123456789123456789123456789
123456789123456789123456789123456789
123456789123456789123456789123456789
123456789123456789123456789123456789
123456789123456789123456789123456789
123456789123456789123456789123456789
123456789123456789123456789123456789
12345678912345678912345678912